{
    "UNet": {
        "Class1_IoU": 0.6581673889071453,
        "Class2_IoU": 0.8961932688539015,
        "Class3_IoU": 0.7638850411582269,
        "mIoU": 0.7727485663064245,
        "FPS": 26.66,
        "Parameters": 31.04
    },
    "OursModel": {
        "Class1_IoU": 0.7375794445215754,
        "Class2_IoU": 0.9051470869739162,
        "Class3_IoU": 0.8022957809155363,
        "mIoU": 0.8150074374703427,
        "FPS": 92.86,
        "Parameters": 6.424671
    }
}