{
    "UNet": {
        "Class1_IoU": 0.9408058440191752,
        "Class2_IoU": 0.6496034772072744,
        "Class3_IoU": 0.8810353476453927,
        "mIoU": 0.8238148896239474,
        "FPS": 0,
        "Parameters": 0
    },
    "OursModel": {
        "Class1_IoU": 0.9626896723492243,
        "Class2_IoU": 0.7893437220598019,
        "Class3_IoU": 0.92160901675036,
        "mIoU": 0.8912141370531287,
        "FPS": 0,
        "Parameters": 7.76314
    }
}